20200601 1-1 0+1 0+1 3-3-10-  3  4  2  4  2  4 12 12  5
20200602 2-3 1+1+2-1 2-1+13   6 15  5  5  6  4  6  5  6
20200603 1 1 0 0+1 1-0+0+ 5-  4  4  0  2  4  3  2  2  3
20200604 1-0+1 0+0+1 2-2- 7   3  2  4  2  2  4  6  6  4
20200605 0+0+0+1 1+1 1-0+ 5+  2  2  2  4  5  4  3  2  3
20200606 0+0+0+1-1+0+0+0  4-  2  2  2  3  5  2  2  0  2
20200607 1-1+0+1 1 2+4-2+13-  3  5  2  4  4  9 22  9  7
20200608 2-2 1-1-1-1 1 0+ 8   6  7  3  3  3  4  4  2  4
20200609 1-1-0 0+1-1 2 3- 8   3  3  0  2  3  4  7 12  4
20200610 2-2+2+2+1 1 1 1+13   6  9  9  9  4  4  4  5  6
20200611 2-1+0+0+1-0+0+0  5   6  5  2  2  3  2  2  0  3
20200612 0+1 1-1-1-1-0+0+ 5-  2  4  3  3  3  3  2  2  3
20200613 0 1-1-0+1+1-0+0  4   0  3  3  2  5  3  2  0  2
20200614 0 0+0+0 0 1-1 1- 3   0  2  2  0  0  3  4  3  2
20200615 0+1-1-1+1 0+1-0  5   2  3  3  5  4  2  3  0  3
20200616 1-1 2-1 1-1 2+2-10   3  4  6  4  3  4  9  6  5
20200617 1+1-1-1 2-1+0 0  7-  5  3  3  4  6  5  0  0  3
20200618 0+2-1 1 1 1-1 1- 7+  2  6  4  4  4  3  4  3  4
20200619 1-1 0+1 1-1-1+2- 7+  3  4  2  4  3  3  5  6  4
20200620 2 2 2+1 0+1 1-1 10+  7  7  9  4  2  4  3  4  5
20200621 1-1-0+1+1+1-1-1- 6+  3  3  2  5  5  3  3  3  3
20200622 0 0+1-0+0+0+0+1  3+  0  2  3  2  2  2  2  4  2
20200623 1-0+1+0+1-1-0+1+ 6-  3  2  5  2  3  3  2  5  3
20200624 1 1 1-1 1-1-0+1- 6   4  4  3  4  3  3  2  3  3
20200625 1-1-0+0+0+1-0+1  4+  3  3  2  2  2  3  2  4  3
20200626 2 0+0+0+1 1 2+3-10   7  2  2  2  4  4  9 12  5
20200627 3-1+1+2+2+0+1-1+12+ 12  5  5  9  9  2  3  5  6
20200628 1 1 0+1-0 0+1-1  5   4  4  2  3  0  2  3  4  3
20200629 1-1-0 0+0+1-0+0+ 3+  3  3  0  2  2  3  2  2  2
20200630 2-2-2-0+0+1-0 1+ 8-  6  6  6  2  2  3  0  5  4
20200701 1-1 1-1 0+0+2+2  8+  3  4  3  4  2  2  9  7  4
20200702 1-1-0+0+1-1+1 1- 6-  3  3  2  2  3  5  4  3  3
20200703 0+1 1 1 1-1-1-0+ 6-  2  4  4  4  3  3  3  2  3
20200704 1 1 1+1 2 1+2+3 13   4  4  5  4  7  5  9 15  7
20200705 2-3-3+3-1+1 2 3-17+  6 12 18 12  5  4  7 12 10
20200706 1 1 1+1-1+1+1+0+ 8+  4  4  5  3  5  5  5  2  4
20200707 0+1 2-0+0+0+0+1- 5   2  4  6  2  2  2  2  3  3
20200708 0 1-0+0+0+0+0+0+ 3-  0  3  2  2  2  2  2  2  2
20200709 0+0+1 1-1 1 1-0  5   2  2  4  3  4  4  3  0  3
20200710 0 0+1+0+0+0+0+0  3   0  2  5  2  2  2  2  0  2
20200711 1-0+0 0+0+0+1-1  4-  3  2  0  2  2  2  3  4  2
20200712 0+0 0+1-1-0+0 0+ 3-  2  0  2  3  3  2  0  2  2
20200713 1 1+2 2-1-1 1+3-12-  4  5  7  6  3  4  5 12  6
20200714 4-4-3+1+2-1 0+0+15+ 22 22 18  5  6  4  2  2 10
20200715 0 1+1+1 2 2 1-0  8+  0  5  5  4  7  7  3  0  4
20200716 0 0+0+2-1 1 1 1  6+  0  2  2  6  4  4  4  4  3
20200717 1 0+0+1-1 1+1 1+ 7   4  2  2  3  4  5  4  5  4
20200718 1+1-1 0+1 0+0+1  6   5  3  4  2  4  2  2  4  3
20200719 0 1-1 1 1 1-1-2- 7-  0  3  4  4  4  3  3  6  3
20200720 0+1 1 0+0+1-1-1  5+  2  4  4  2  2  3  3  4  3
20200721 1 1+1-0+1-1 1-2- 7+  4  5  3  2  3  4  3  6  4
20200722 1-1-0+0+0+1+1 0  5-  3  3  2  2  2  5  4  0  3
20200723 0+0+1-1-1 0+0+0+ 4   2  2  3  3  4  2  2  2  2
20200724 1 3-3-2 2+4-3-3 20   4 12 12  7  9 22 12 15 12
20200725 4-3-2+2 2 2-2-4 20  22 12  9  7  7  6  6 27 12
20200726 1 0+0+0+1-0+0+1  4+  4  2  2  2  3  2  2  4  3
20200727 1-1-1 0+1-1-1-1  6-  3  3  4  2  3  3  3  4  3
20200728 2 1-1-0+1 1-1-1- 7-  7  3  3  2  4  3  3  3  4
20200729 2 1-2-0+1+1-1-0+ 8-  7  3  6  2  5  3  3  2  4
20200730 1 1 2-1-0+0+0 1- 6-  4  4  6  3  2  2  0  3  3
20200731 1 1 0+1 1+1 1-1- 7   4  4  2  4  5  4  3  3  4
20200801 0 1-1-0+1-1 1 0+ 5-  0  3  3  2  3  4  4  2  3
20200802 0+1-1 3-3+3 2 3 16   2  3  4 12 18 15  7 15 10
20200803 3+3+3 3-2+3+3 3+24+ 18 18 15 12  9 18 15 18 15
20200804 2 3+1+2-1+1+1+2-14   7 18  5  6  5  5  5  6  7
20200805 2-1+1 1-1-1 2+1+10   6  5  4  3  3  4  9  5  5
20200806 1-1+0+1-2-1+1-2  9-  3  5  2  3  6  5  3  7  4
20200807 2-1 0 0+0+0+1-1+ 6-  6  4  0  2  2  2  3  5  3
20200808 2 2-1+1 1+1 1-0+ 9+  7  6  5  4  5  4  3  2  4
20200809 0 0+0+1-0+0+0+1- 3   0  2  2  3  2  2  2  3  2
20200810 0+0+0+0+0 1-0+1- 3   2  2  2  2  0  3  2  3  2
20200811 1 1-0+0+0+0 0 0+ 3   4  3  2  2  2  0  0  2  2
20200812 0+1+1 1-1 1-1-0+ 6   2  5  4  3  4  3  3  2  3
20200813 2-1-0+0+1+0+0+1+ 6+  6  3  2  2  5  2  2  5  3
20200814 1 2-0+0+1-0+1-1- 6-  4  6  2  2  3  2  3  3  3
20200815 0 0 1 0+0+0+0+0+ 3-  0  0  4  2  2  2  2  2  2
20200816 1 1 1 1 0+0+0+1- 6-  4  4  4  4  2  2  2  3  3
20200817 1-0+1-1 1-0+0+1- 5-  3  2  3  4  3  2  2  3  3
20200818 1 1+1+1+2-1-1 3 11+  4  5  5  5  6  3  4 15  6
20200819 3-2+0+0+0+1-1-1  8+ 12  9  2  2  2  3  3  4  5
20200820 0+1-0 1-1 1-0+1- 4+  2  3  0  3  4  3  2  3  2
20200821 1-0+0+0+0+1-2-1+ 6-  3  2  2  2  2  3  6  5  3
20200822 1-2 2-2-1 1+2-2+12+  3  7  6  6  4  5  6  9  6
20200823 2 2 1+2 2+2-1 3-15   7  7  5  7  9  6  4 12  7
20200824 1-1-0+0 1-1-0+0  3+  3  3  2  0  3  3  2  0  2
20200825 1-0+1-0+1-1 1 0+ 5   3  2  3  2  3  4  4  2  3
20200826 2-2+1 2-1-2+1 2-12+  6  9  4  6  3  9  4  6  6
20200827 2+1+2-2-3+1 1 1 13+  9  5  6  6 18  4  4  4  7
20200828 0 0+1-2-3-5-2-2+14   0  2  3  6 12 39  6  9 10
20200829 3-3-3+2+1+2 3+3+21  12 12 18  9  5  7 18 18 12
20200830 2 3+2 1+2-2 1 3-16   7 18  7  5  6  7  4 12  8
20200831 4-4+3-5-4+4-4-3 30  22 32 12 39 32 22 22 15 24
20200901 3-4+3-3 3 4 3-3 25+ 12 32 12 15 15 27 12 15 18
20200902 3-2+2 3-3-2+2-2-18  12  9  7 12 12  9  6  6  9
20200903 0 0 1 1-1+1-0+2- 6-  0  0  4  3  5  3  2  6  3
20200904 3-1+1+2 2 2-2+0+14- 12  5  5  7  7  6  9  2  7
20200905 2-1+2-2 2-0+1 1 11-  6  5  6  7  6  2  4  4  5
20200906 2 1 0+1 1 0+1-2- 8   7  4  2  4  4  2  3  6  4
20200907 1 1+1+1-1-1 0+0  6+  4  5  5  3  3  4  2  0  3
20200908 1-0+1 1 1-1+1 0  6   3  2  4  4  3  5  4  0  3
20200909 1-0 0 0 0 0+0 0  1   3  0  0  0  0  2  0  0  1
20200910 0 0 0 0+0+0+1 0+ 2+  0  0  0  2  2  2  4  2  2
20200911 0 0 0+0+0 1-1 1  3+  0  0  2  2  0  3  4  4  2
20200912 1+1+2 1+0+1-1+1  9+  5  5  7  5  2  3  5  4  4
20200913 1 1+1+0+1+2-1+3 11+  4  5  5  2  5  6  5 15  6
20200914 3+3+2+3-3 1 1-2 18+ 18 18  9 12 15  4  3  7 11
20200915 2+2 1+1+0+1-1+1+11-  9  7  5  5  2  3  5  5  5
20200916 0 0+1 1 0 1 1 0+ 5-  0  2  4  4  0  4  4  2  2
20200917 0 0+1+1-0+0 0+1+ 4+  0  2  5  3  2  0  2  5  2
20200918 1 0+0 1-2-2-1+0  7-  4  2  0  3  6  6  5  0  3
20200919 0 1 1-0+0 1-1 0  4-  0  4  3  2  0  3  4  0  2
20200920 0 0 0 2+1 1-1-1+ 6   0  0  0  9  4  3  3  5  3
20200921 0+0+0 0+0+0 1 1- 3   2  2  0  2  2  0  4  3  2
20200922 1+3-2 2-1-1-1-1-10+  5 12  7  6  3  3  3  3  5
20200923 2-1 2-2-4-2 4-2+18-  6  4  6  6 22  7 22  9 10
20200924 3 3+6-4-3+3 0+1+24- 15 18 67 22 18 15  2  5 20
20200925 3 3+3-2+1+4+3 4 24  15 18 12  9  5 32 15 27 17
20200926 4 5-4-4 5-3-2 3+29  27 39 22 27 39 12  7 18 24
20200927 2+4 2-2-2-3-5-5+24   9 27  6  6  6 12 39 56 20
20200928 5-5-4 3+4-4 5-5 34  39 39 27 18 22 27 39 48 32
20200929 4 3+3+3-3-3 3-3+25  27 18 18 12 12 15 12 18 16
20200930 4 4-3 3-2 2-3+3+24- 27 22 15 12  7  6 18 18 16
20201001 2+1+2 3 3-3+2+2-19-  9  5  7 15 12 18  9  6 10
20201002 2 2 1+3-2+2-2+1+16-  7  7  5 12  9  6  9  5  8
20201003 2-1+1+2-1-1-1 1  9+  6  5  5  6  3  3  4  4  4
20201004 1-2-0+1-2-0+0+1  7-  3  6  2  3  6  2  2  4  4
20201005 0+0+1 1 2+3+4+3-15+  2  2  4  4  9 18 32 12 10
20201006 2+4-1 1-1 0+0+1-10   9 22  4  3  4  2  2  3  6
20201007 0+1-0+1 2+1+1-1  8-  2  3  2  4  9  5  3  4  4
20201008 1-0+1-0+0 0+0+1- 3+  3  2  3  2  0  2  2  3  2
20201009 0+0 0+0 0 0 0 0  1-  2  0  2  0  0  0  0  0  0
20201010 0 0 0 1-0 1-0 0  1+  0  0  0  3  0  3  0  0  1
20201011 0 0 0+0+0+1-0+1+ 3+  0  0  2  2  2  3  2  5  2
20201012 0+0 0 0+1-1 1-1+ 4+  2  0  0  2  3  4  3  5  2
20201013 1 1-0+0+0 1-0+0+ 4-  4  3  2  2  0  3  2  2  2
20201014 0 0 0 0 0 0 0 0  0   0  0  0  0  0  0  0  0  0
20201015 0 0 0 0 0 0+1-1  2   0  0  0  0  0  2  3  4  1
20201016 1+1-1-1-1-1-1-1+ 7-  5  3  3  3  3  3  3  5  4
20201017 1-2-2 1 1-0+1+1+ 9   3  6  7  4  3  2  5  5  4
20201018 1-0+0+0+0 0+0+1  3+  3  2  2  2  0  2  2  4  2
20201019 0+1 1 2 3 2-2-2-12+  2  4  4  7 15  6  6  6  6
20201020 2+2-1-0+0 0+1 1- 7   9  6  3  2  0  2  4  3  4
20201021 2+2+4-2 1-1-1 2-14+  9  9 22  7  3  3  4  6  8
20201022 3+0+0+0+1 1-1+1+ 9- 18  2  2  2  4  3  5  5  5
20201023 1+1+0+0+2-3-5-5-17   5  5  2  2  6 12 39 39 14
20201024 3+4 4 3 2-3+3 2+25- 18 27 27 15  6 18 15  9 17
20201025 3-1+2 3-4-4-4-2+22  12  5  7 12 22 22 22  9 14
20201026 2 4-3+3-3+2 3 3 23   7 22 18 12 18  7 15 15 14
20201027 2-2-3+3-0+0+2+2 14+  6  6 18 12  2  2  9  7  8
20201028 2-3-1+2-3-3+3+2-18+  6 12  5  6 12 18 18  6 10
20201029 1 3-3-3+2+4 1+2 19+  4 12 12 18  9 27  5  7 12
20201030 2 1+1-1 0+0+1 2  9-  7  5  3  4  2  2  4  7  4
20201031 1-1+2+2 2-2+0 1-11   3  5  9  7  6  9  0  3  5
20201101 1-0+2-2 3 3 3-1 14+  3  2  6  7 15 15 12  4  8
20201102 0 0 1-0+0 0 1-1  3-  0  0  3  2  0  0  3  4  2
20201103 2-0 0 1-0+0 0 1- 3+  6  0  0  3  2  0  0  3  2
20201104 1-0+0+0+0+0+0+0  3-  3  2  2  2  2  2  2  0  2
20201105 0 0 0+1-1+0+1 2- 5+  0  0  2  3  5  2  4  6  3
20201106 1 2-1+2-2 3-2+1+14   4  6  5  6  7 12  9  5  7
20201107 1+1-1 1+1-2 3-3 13-  5  3  4  5  3  7 12 15  7
20201108 1+2-2 1 1 1+1-0  9   5  6  7  4  4  5  3  0  4
20201109 0 0 0 0 0 0 0 0  0   0  0  0  0  0  0  0  0  0
20201110 0 0 0+0+0 0 0 0  1-  0  0  2  2  0  0  0  0  0
20201111 0 0 0+0+1-1+1+2  6   0  0  2  2  3  5  5  7  3
20201112 1 0 1+1+0+0+0+1- 5+  4  0  5  5  2  2  2  3  3
20201113 1 1 1 1-1-0 0+0+ 5   4  4  4  3  3  0  2  2  3
20201114 0 0 0+0 1-1-2 1  5-  0  0  2  0  3  3  7  4  2
20201115 1+2 0 0+0+1 0 0  5   5  7  0  2  2  4  0  0  2
20201116 0 0 0 0 0+0+0 0  1-  0  0  0  0  2  2  0  0  0
20201117 0 0 0 1 1-0 0 1  3-  0  0  0  4  3  0  0  4  1
20201118 1 0+1+0+0+0 1-1- 5-  4  2  5  2  2  0  3  3  3
20201119 0 0 0+1+0 0 0+1+ 3+  0  0  2  5  0  0  2  5  2
20201120 2+3 2 2 1-1-2-1-13   9 15  7  7  3  3  6  3  7
20201121 2 2-1 1-3-3-3+3+17+  7  6  4  3 12 12 18 18 10
20201122 3-4-4 4 5-4 4-3+30  12 22 27 27 39 27 22 18 24
20201123 2 3-2+2 1 2 2-2-15+  7 12  9  7  4  7  6  6  7
20201124 2-1 0 0+1-1 0+1  6   6  4  0  2  3  4  2  4  3
20201125 1-2+1-1+1+2 2-3-13-  3  9  3  5  5  7  6 12  6
20201126 2-0+1 1 2+2 2+1+12   6  2  4  4  9  7  9  5  6
20201127 1 2+2+2 3-1+0+1-13-  4  9  9  7 12  5  2  3  6
20201128 3 3+3-1+2 2-2-1+17  15 18 12  5  7  6  6  5  9
20201129 0 1+2 1+1 1+0 0  7   0  5  7  5  4  5  0  0  3
20201130 1 3 3+2 1-1+0 1+13-  4 15 18  7  3  5  0  5  7
20201201 1 0 0 0 0 0+0+1- 2+  4  0  0  0  0  2  2  3  1
20201202 1+0+1+1-0 1-1-1- 6-  5  2  5  3  0  3  3  3  3
20201203 0 0 0 0+1 2-0+0+ 4-  0  0  0  2  4  6  2  2  2
20201204 0 0 0 0 0 0+0 0  0+  0  0  0  0  0  2  0  0  0
20201205 0 0 0 1-2 1 3-1  7+  0  0  0  3  7  4 12  4  4
20201206 1+1 1 1 2 1 2 2+12-  5  4  4  4  7  4  7  9  6
20201207 1-0 0+1-0 1-0 0  2+  3  0  2  3  0  3  0  0  1
20201208 1-2-1+1 1 0 0+1  7   3  6  5  4  4  0  2  4  4
20201209 2-3-2 0+0+2-3 1+13   6 12  7  2  2  6 15  5  7
20201210 3+2+1 0+1-1-1+2+12  18  9  4  2  3  3  5  9  7
20201211 3-2+1+1 1-1-2 1+12  12  9  5  4  3  3  7  5  6
20201212 1+1-1 0+0+1-1 2- 7   5  3  4  2  2  3  4  6  4
20201213 3 1+0 0 1-0+2-1+ 8+ 15  5  0  0  3  2  6  5  4
20201214 0 0+0 1-0+1 2-1  5   0  2  0  3  2  4  6  4  3
20201215 1+0 1-0 0 0 1-1  4-  5  0  3  0  0  0  3  4  2
20201216 1 0+0 0 0+1-0+1- 3+  4  2  0  0  2  3  2  3  2
20201217 1-0+0 0 0 0 0 0+ 1+  3  2  0  0  0  0  0  2  1
20201218 0+0 0+0+0+1-0+0  2+  2  0  2  2  2  3  2  0  2
20201219 1+0+1 2-2 1 1+1 10-  5  2  4  6  7  4  5  4  5
20201220 1-1-1+1 1+1+0+1+ 8   3  3  5  4  5  5  2  5  4
20201221 3-3+2+2 2 1-2+4+20- 12 18  9  7  7  3  9 32 12
20201222 3+3+3 3-3-2+3 2-22  18 18 15 12 12  9 15  6 13
20201223 3+4+2+2+2-1+1+2 19- 18 32  9  9  6  5  5  7 11
20201224 1-3-2 2 3-3 1 1+15+  3 12  7  7 12 15  4  5  8
20201225 2+1+1 1-2 1 0 0  8+  9  5  4  3  7  4  0  0  4
20201226 0 2-1-0+1-1-2-2  8-  0  6  3  2  3  3  6  7  4
20201227 2-1+1-2-2-1 1 2 11   6  5  3  6  6  4  4  7  5
20201228 2 2 2+2 2 1 2-1+14+  7  7  9  7  7  4  6  5  6
20201229 2+3-1-1-1-1+1+2 12-  9 12  3  3  3  5  5  7  6
20201230 2+3-2-2 2 1 1-3-15   9 12  6  7  7  4  3 12  8
20201231 1+1 0+1 1-0+0 0+ 5   5  4  2  4  3  2  0  2  3
20210101 0 0+1-0+0+1+1-1- 4+  0  2  3  2  2  5  3  3  2
20210102 0+0 0 0+0 0 0 0  1-  2  0  0  2  0  0  0  0  0
20210103 0 0 0 0 0+0+0 0+ 1   0  0  0  0  2  2  0  2  1
20210104 0+0 0+1-0+0+0+0+ 3-  2  0  2  3  2  2  2  2  2
20210105 2-1-1 1-4 3-1+4-16-  6  3  4  3 27 12  5 22 10
20210106 3 3 4-2+2-2-1+1+18  15 15 22  9  6  6  5  5 10
20210107 1+2-1 1-0+0+1+2+ 9   5  6  4  3  2  2  5  9  4
20210108 0+0+0+0+0+0 0 0+ 2   2  2  2  2  2  0  0  2  2
20210109 1-1+0+0+0 0 0 0  3-  3  5  2  2  0  0  0  0  2
20210110 1-0+1-0+0 1-1 1  5-  3  2  3  2  0  3  4  4  3
20210111 1 0 0+2+3+4-3+4 18   4  0  2  9 18 22 18 27 12
20210112 4-3 2+2 1+1 1 1-15  22 15  9  7  5  4  4  3  9
20210113 1-0+0+1 1+1-1-1  6   3  2  2  4  5  3  3  4  3
20210114 0 0 0 0+0+0+0 0+ 1+  0  0  0  2  2  2  0  2  1
20210115 2-0 0 0 0 1 1 0+ 4   6  0  0  0  0  4  4  2  2
20210116 0+1 1-1-1-1-1-1  6-  2  4  3  3  3  3  3  4  3
20210117 0+1+0 0 0+0 0 0+ 2+  2  5  0  0  2  0  0  2  1
20210118 1-2-0 0 0+0 1+2  6   3  6  0  0  2  0  5  7  3
20210119 3-2 1-1 1+1-1+1-10+ 12  7  3  4  5  3  5  3  5
20210120 1-1-2 2-2+2 1 0+11-  3  3  7  6  9  7  4  2  5
20210121 0 0+0 0+0 0+0 1  2   0  2  0  2  0  2  0  4  1
20210122 0+0 0 0 1-1 1 1  4   2  0  0  0  3  4  4  4  2
20210123 1-0 1 1 0 1-1+2  7-  3  0  4  4  0  3  5  7  3
20210124 0+2-1 1-1+1+2-2 10   2  6  4  3  5  5  6  7  5
20210125 2-2-3+3+2+3-2+5-22   6  6 18 18  9 12  9 39 15
20210126 4-4 2-1 1+2+2+2 18+ 22 27  6  4  5  9  9  7 11
20210127 2+3+2 2+2-3-1 3 18+  9 18  7  9  6 12  4 15 10
20210128 3 0+1-0+0 0 0 0+ 5- 15  2  3  2  0  0  0  2  3
20210129 0 1 1 0+0+0+0+1- 4   0  4  4  2  2  2  2  3  2
20210130 0 0+0 0+0+1-0+0  2   0  2  0  2  2  3  2  0  1
20210131 1-0 0 0 0 0 0 1- 1+  3  0  0  0  0  0  0  3  1